28304;1026.27;32033.5;0.134
31603.6;995.835;37712.6;0.135
27038.6;1023.04;33647.9;0.136
28246.8;1027.17;32085.7;0.584
31569;1005.29;37634.8;0.585
27133.1;1029.79;33588.1;0.586
28189.7;1028.07;32137.9;1.034
31534.3;1014.74;37556.9;1.035
27227.3;1036.53;33528.3;1.035
28132.5;1028.97;32190.1;1.484
31499.7;1024.19;37479.1;1.485
27321.8;1043.28;33468.5;1.485
28075.4;1029.87;32242.3;1.934
31465;1033.64;37401.2;1.935
27416.3;1050.03;33408.6;1.935
28018.2;1030.77;32294.5;2.384
31430.4;1043.09;37323.4;2.385
27510.8;1056.78;33348.8;2.385
27961.1;1031.67;32346.7;2.834
31395.7;1052.54;37245.5;2.835
27605.3;1063.53;33288.9;2.835
27903.9;1032.57;32398.9;3.284
31361.1;1062;37167.7;3.285
27699.8;1070.28;33229.1;3.285
27846.8;1033.47;32451.1;3.734
31326.4;1071.45;37089.8;3.735
27794.3;1077.03;33169.2;3.735
27789.5;1034.37;32503.4;4.185
31291.7;1080.9;37012;4.185
27888.8;1083.78;33109.4;4.185
27732.4;1035.27;32555.6;4.635
31257.1;1090.36;36934.1;4.635
27983.3;1090.54;33049.5;4.635
27675.2;1036.18;32607.8;5.085
31222.4;1099.81;36856.3;5.085
28077.8;1097.29;32989.6;5.085
27618.1;1037.08;32660;5.535
31187.8;1109.27;36778.4;5.535
28172.3;1104.04;32929.8;5.535
28266.6;1110.78;32870.1;5.984
27560.9;1037.98;32712.2;5.985
31153.1;1118.73;36700.6;5.985
28361;1117.53;32810.2;6.434
27503.8;1038.89;32764.3;6.435
31118.5;1128.2;36622.7;6.435
28455.5;1124.29;32750.3;6.884
27446.6;1039.79;32816.5;6.885
31083.8;1137.66;36544.9;6.885
28550;1131.04;32690.5;7.334
27389.5;1040.7;32868.7;7.335
31049.1;1147.13;36467;7.335
27332.3;1041.61;32920.9;7.785
31014.5;1156.6;36389.2;7.785
28663.4;1139.14;32618.6;7.874
27275.2;1042.51;32973.1;8.235
30979.8;1166.08;36311.3;8.235
28757.9;1145.89;32558.7;8.324
27218.1;1043.42;33025.3;8.685
30945.2;1175.55;36233.4;8.685
28852.4;1152.64;32498.8;8.774
